428.837,65
428.837,65
428.837,65
428.837,65
429.557,41
429.557,41
429.557,41
429.557,41
429.557,41
429.557,41
429.557,41
429.557,41
429.557,41
429.557,41
429.557,41
429.557,41
429.557,41
429.557,41
429.557,41
429.557,41
429.557,41
429.557,41
429.557,41
429.557,41
429.557,41
429.557,41
429.557,41
429.557,41
429.557,41
429.557,41
429.557,41
429.557,41
429.603,01
429.603,01
429.603,01
429.603,01
429.816,81
429.816,81
429.816,81
429.816,81
429.816,81
429.816,81
429.816,81
429.816,81
429.816,81
429.816,81
429.816,81
